HED_XY 1
VERTICES 81
82 3798.7044281026469 -6174.0704655689869
81 3874.5468157175924 -6214.8751100369382
80 3791.3918758860673 -6170.1361736414983
79 7001.4032748797308 -6646.3615936830674
78 7046.329787637922 -6639.2547552016731
77 7423.0639506371226 -6581.418928973434
76 7628.8267764242473 -6569.485414671035
75 7522.9896670273147 -6570.0412893490811
74 5435.0875552477082 -6684.1371131791075
73 5403.7868298915564 -6678.8101737876214
72 5161.8271526365425 -6628.9244964617346
71 4873.7621131276828 -6548.6651515234998
70 4956.9299026068766 -6573.6249495035836
69 5128.425803708029 -6621.0696805319812
68 5029.7774159453102 -6594.3725041589296
67 5109.3249570403705 -6615.9377613541938
66 4578.6635030983016 -6468.1521324132946
65 4195.9858322684886 -6340.8915963013142
64 4235.4550364700845 -6354.8679650187423
63 4476.8559743127553 -6438.4267550782279
62 4452.5478649266879 -6431.0736915338985
61 4320.0370081519359 -6386.2203307597929
60 4436.086649673467 -6425.5847090224306
59 4816.350992095191 -6531.6134785813429
58 4704.1312314170063 -6501.4917049146698
57 4633.7822618389609 -6482.7828473111704
56 5327.592968506855 -6665.1324979827377
55 5224.8871477484354 -6643.8120485872023
54 5247.8411644114531 -6648.9462617389427
53 5510.9052685999777 -6692.2573826469297
52 5600.4055416494375 -6702.373650595634
51 5794.8089354854892 -6712.3786655547265
50 5667.4291023669639 -6706.1351895042144
49 5624.3044448224236 -6704.5845339773296
48 4106.9854917588527 -6307.7663601508466
47 4037.5381009213743 -6282.4446600253532
46 3940.6828147885385 -6242.6687270442017
45 6127.5388862397522 -6727.476789095922
44 6032.184506107471 -6723.8289864638828
43 5987.6989480630727 -6721.9902489745027
42 5870.2961641952279 -6715.9753646591862
41 5905.7908044750802 -6717.381073541962
40 3751.4655837761234 -6148.6550704522033
39 3656.7476139247296 -6090.0149378634169
38 3717.5971455044923 -6124.5277451678794
37 3443.3885358709954 -5953.8839369306188
36 3572.3380612372416 -6038.3719436060455
35 3530.3336880146521 -6011.4362969706399
34 6328.7489152225899 -6720.9175577547421
33 6170.5916065731435 -6728.8727444001606
32 6236.7412857253803 -6724.9094298284481
31 6471.4421090966207 -6701.5513515552257
30 6503.7723844943102 -6697.629571071905
29 6516.3478364178436 -6696.1188842141673
28 3251.719319744152 -5770.2136416773028
27 3260.2682746805372 -5779.6974381476857
26 3410.3559692468839 -5925.9158405515118
25 3291.8444435407287 -5809.6393033538388
24 3204.7654473477742 -5705.3828838503587
23 3077.9996002455005 -5527.9452202903549
22 3098.8548537158636 -5559.4674694442338
21 2967.684395959775 -5355.8338136214761
20 2925.6966159430449 -5297.8408764592168
19 2841.6412417007373 -5182.2314237566397
18 2739.0098961151089 -5078.1864959759669
17 2711.387596331595 -5049.3489665855359
16 2693.8753531928523 -5035.0184599859294
15 2546.2848391542211 -4954.8574074286344
14 2625.166306427971 -4999.1001971586775
13 7788.1303236475214 -6591.0177038708907
12 7665.2903087908062 -6572.7663880191985
11 7643.2470994144678 -6569.6467811446846
10 7211.5799188740193 -6614.7263891020139
9 7369.3615117975278 -6587.5325932928981
8 7293.7788151112627 -6599.8455289433523
7 6539.8062724574711 -6693.2302196426626
6 6665.9193282785127 -6678.2901734679681
5 6746.7273076571291 -6670.4446568185112
4 6788.7177605996258 -6666.5830979631
3 6879.7150533880931 -6657.2591421669467
2 6973.2046718221391 -6648.6873705876806
EDGES 80
80 80 82 2
3791.3918758860673 -6170.1361736414983
3798.7044281026469 -6174.0704655689869
79 81 82 2
3874.5468157175924 -6214.8751100369382
3798.7044281026469 -6174.0704655689869
78 46 81 2
3940.6828147885385 -6242.6687270442017
3874.5468157175924 -6214.8751100369382
77 40 80 2
3751.4655837761234 -6148.6550704522033
3791.3918758860673 -6170.1361736414983
76 21 23 2
2967.684395959775 -5355.8338136214761
3077.9996002455005 -5527.9452202903549
75 28 24 2
3251.719319744152 -5770.2136416773028
3204.7654473477742 -5705.3828838503587
74 2 79 2
6973.2046718221391 -6648.6873705876806
7001.4032748797308 -6646.3615936830674
73 29 7 2
6516.3478364178436 -6696.1188842141673
6539.8062724574711 -6693.2302196426626
72 34 31 2
6328.7489152225899 -6720.9175577547421
6471.4421090966207 -6701.5513515552257
71 79 78 2
7001.4032748797308 -6646.3615936830674
7046.329787637922 -6639.2547552016731
70 10 78 2
7211.5799188740193 -6614.7263891020139
7046.329787637922 -6639.2547552016731
69 77 9 2
7423.0639506371226 -6581.418928973434
7369.3615117975278 -6587.5325932928981
68 11 76 2
7643.2470994144678 -6569.6467811446846
7628.8267764242473 -6569.485414671035
67 75 77 2
7522.9896670273147 -6570.0412893490811
7423.0639506371226 -6581.418928973434
66 75 76 2
7522.9896670273147 -6570.0412893490811
7628.8267764242473 -6569.485414671035
65 37 26 2
3443.3885358709954 -5953.8839369306188
3410.3559692468839 -5925.9158405515118
64 33 45 2
6170.5916065731435 -6728.8727444001606
6127.5388862397522 -6727.476789095922
63 36 39 2
3572.3380612372416 -6038.3719436060455
3656.7476139247296 -6090.0149378634169
62 51 42 2
5794.8089354854892 -6712.3786655547265
5870.2961641952279 -6715.9753646591862
61 65 48 2
4195.9858322684886 -6340.8915963013142
4106.9854917588527 -6307.7663601508466
60 74 53 2
5435.0875552477082 -6684.1371131791075
5510.9052685999777 -6692.2573826469297
59 56 73 2
5327.592968506855 -6665.1324979827377
5403.7868298915564 -6678.8101737876214
58 72 55 2
5161.8271526365425 -6628.9244964617346
5224.8871477484354 -6643.8120485872023
57 73 74 2
5403.7868298915564 -6678.8101737876214
5435.0875552477082 -6684.1371131791075
56 69 72 2
5128.425803708029 -6621.0696805319812
5161.8271526365425 -6628.9244964617346
55 57 66 2
4633.7822618389609 -6482.7828473111704
4578.6635030983016 -6468.1521324132946
54 59 71 2
4816.350992095191 -6531.6134785813429
4873.7621131276828 -6548.6651515234998
53 68 70 2
5029.7774159453102 -6594.3725041589296
4956.9299026068766 -6573.6249495035836
52 70 71 2
4956.9299026068766 -6573.6249495035836
4873.7621131276828 -6548.6651515234998
51 67 69 2
5109.3249570403705 -6615.9377613541938
5128.425803708029 -6621.0696805319812
50 67 68 2
5109.3249570403705 -6615.9377613541938
5029.7774159453102 -6594.3725041589296
49 63 66 2
4476.8559743127553 -6438.4267550782279
4578.6635030983016 -6468.1521324132946
48 64 65 2
4235.4550364700845 -6354.8679650187423
4195.9858322684886 -6340.8915963013142
47 64 61 2
4235.4550364700845 -6354.8679650187423
4320.0370081519359 -6386.2203307597929
46 62 63 2
4452.5478649266879 -6431.0736915338985
4476.8559743127553 -6438.4267550782279
45 60 62 2
4436.086649673467 -6425.5847090224306
4452.5478649266879 -6431.0736915338985
44 60 61 2
4436.086649673467 -6425.5847090224306
4320.0370081519359 -6386.2203307597929
43 58 59 2
4704.1312314170063 -6501.4917049146698
4816.350992095191 -6531.6134785813429
42 57 58 2
4633.7822618389609 -6482.7828473111704
4704.1312314170063 -6501.4917049146698
41 54 56 2
5247.8411644114531 -6648.9462617389427
5327.592968506855 -6665.1324979827377
40 54 55 2
5247.8411644114531 -6648.9462617389427
5224.8871477484354 -6643.8120485872023
39 53 52 2
5510.9052685999777 -6692.2573826469297
5600.4055416494375 -6702.373650595634
38 49 52 2
5624.3044448224236 -6704.5845339773296
5600.4055416494375 -6702.373650595634
37 51 50 2
5794.8089354854892 -6712.3786655547265
5667.4291023669639 -6706.1351895042144
36 49 50 2
5624.3044448224236 -6704.5845339773296
5667.4291023669639 -6706.1351895042144
35 47 48 2
4037.5381009213743 -6282.4446600253532
4106.9854917588527 -6307.7663601508466
34 46 47 2
3940.6828147885385 -6242.6687270442017
4037.5381009213743 -6282.4446600253532
33 44 45 2
6032.184506107471 -6723.8289864638828
6127.5388862397522 -6727.476789095922
32 43 44 2
5987.6989480630727 -6721.9902489745027
6032.184506107471 -6723.8289864638828
31 41 43 2
5905.7908044750802 -6717.381073541962
5987.6989480630727 -6721.9902489745027
30 41 42 2
5905.7908044750802 -6717.381073541962
5870.2961641952279 -6715.9753646591862
29 38 40 2
3717.5971455044923 -6124.5277451678794
3751.4655837761234 -6148.6550704522033
28 38 39 2
3717.5971455044923 -6124.5277451678794
3656.7476139247296 -6090.0149378634169
27 35 37 2
3530.3336880146521 -6011.4362969706399
3443.3885358709954 -5953.8839369306188
26 35 36 2
3530.3336880146521 -6011.4362969706399
3572.3380612372416 -6038.3719436060455
25 32 34 2
6236.7412857253803 -6724.9094298284481
6328.7489152225899 -6720.9175577547421
24 32 33 2
6236.7412857253803 -6724.9094298284481
6170.5916065731435 -6728.8727444001606
23 31 30 2
6471.4421090966207 -6701.5513515552257
6503.7723844943102 -6697.629571071905
22 29 30 2
6516.3478364178436 -6696.1188842141673
6503.7723844943102 -6697.629571071905
21 27 28 2
3260.2682746805372 -5779.6974381476857
3251.719319744152 -5770.2136416773028
20 25 27 2
3291.8444435407287 -5809.6393033538388
3260.2682746805372 -5779.6974381476857
19 25 26 2
3291.8444435407287 -5809.6393033538388
3410.3559692468839 -5925.9158405515118
18 24 22 2
3204.7654473477742 -5705.3828838503587
3098.8548537158636 -5559.4674694442338
17 22 23 2
3098.8548537158636 -5559.4674694442338
3077.9996002455005 -5527.9452202903549
16 20 21 2
2925.6966159430449 -5297.8408764592168
2967.684395959775 -5355.8338136214761
15 20 19 2
2925.6966159430449 -5297.8408764592168
2841.6412417007373 -5182.2314237566397
14 18 19 2
2739.0098961151089 -5078.1864959759669
2841.6412417007373 -5182.2314237566397
13 18 17 2
2739.0098961151089 -5078.1864959759669
2711.387596331595 -5049.3489665855359
12 16 17 2
2693.8753531928523 -5035.0184599859294
2711.387596331595 -5049.3489665855359
11 16 14 2
2693.8753531928523 -5035.0184599859294
2625.166306427971 -4999.1001971586775
10 14 15 2
2625.166306427971 -4999.1001971586775
2546.2848391542211 -4954.8574074286344
9 12 13 2
7665.2903087908062 -6572.7663880191985
7788.1303236475214 -6591.0177038708907
8 11 12 2
7643.2470994144678 -6569.6467811446846
7665.2903087908062 -6572.7663880191985
7 8 10 2
7293.7788151112627 -6599.8455289433523
7211.5799188740193 -6614.7263891020139
6 8 9 2
7293.7788151112627 -6599.8455289433523
7369.3615117975278 -6587.5325932928981
5 6 7 2
6665.9193282785127 -6678.2901734679681
6539.8062724574711 -6693.2302196426626
4 5 6 2
6746.7273076571291 -6670.4446568185112
6665.9193282785127 -6678.2901734679681
3 5 4 2
6746.7273076571291 -6670.4446568185112
6788.7177605996258 -6666.5830979631
2 4 3 2
6788.7177605996258 -6666.5830979631
6879.7150533880931 -6657.2591421669467
1 2 3 2
6973.2046718221391 -6648.6873705876806
6879.7150533880931 -6657.2591421669467

